V:  6.079951360389116E-4
Z:  0.001671986624107007
T:  0.005319957440340477
I:  0.006839945280437756
R:  0.012159902720778234
N:  0.012311901504787962
X:  0.014895880832953337
G:  0.01595987232102143
H:  0.01823985408116735
P:  0.020671834625323
E:  0.022799817601459188
Y:  0.022951816385468917
W:  0.02781577747378021
U:  0.031615747074023405
S:  0.032679738562091505
Q:  0.053199574403404774
L:  0.05730354157166743
M:  0.05851953184374525
O:  0.06307949536403709
B:  0.06414348685210518
C:  0.06429548563611491
D:  0.07660738714090287
F:  0.1001671986624107
